0,8.529400785,9.781442404,12.46576362,5.258718614,8.862324623,0
8.529400785,0,18.31084319,3.936362832,13.7881194,12.01321561,8.529400785
9.781442404,18.31084319,0,22.24720602,5.109225794,11.494322,9.781442404
12.46576362,3.936362832,22.24720602,0,17.72448223,15.94957844,12.46576362
5.258718614,13.7881194,5.109225794,17.72448223,0,10.33159821,5.258718614
8.862324623,12.01321561,11.494322,15.94957844,10.33159821,0,8.862324623
0,0,0,0,0,0,0