0,10.7159533,12.28675316,16.89939304,6.434810532,10.63763982,0
10.7159533,0,23.00270579,6.560604721,16.36986025,16.27806595,10.7159533
12.28675316,23.00270579,0,29.09101346,8.01333647,14.89441254,12.28675316
16.89939304,6.560604721,29.09101346,0,21.91267303,22.66953313,16.89939304
6.434810532,16.36986025,8.01333647,21.91267303,0,14.68867209,6.434810532
10.63763982,16.27806595,14.89441254,22.66953313,14.68867209,0,10.63763982
0,0,0,0,0,0,0