0,10.7159533,16.89939304,5.04742685,4.266491788,10.63763982,0
10.7159533,0,6.560604721,8.590745462,8.307779283,16.27806595,10.7159533
16.89939304,6.560604721,0,13.62816207,13.69153976,22.66953313,16.89939304
5.04742685,8.590745462,13.62816207,0,0.941487113,15.26161103,5.04742685
4.266491788,8.307779283,13.69153976,0.941487113,0,14.33973985,4.266491788
10.63763982,16.27806595,22.66953313,15.26161103,14.33973985,0,10.63763982
0,0,0,0,0,0,0